42011
42012
42013
42014
42015
42016
42017
42022
42024
42025
42026
42027
42028
42029
42030
42031
42032
42033
42034
42037
42038
42039
42041
42042
42043
42044
42047
42048
42049
42050
42051
42052
42053
42054
42055
42056
42057
42058
42059
42060
42061
42062
42063
42064
42065
42066
42067
42068
42069
42070
42071
42072
42073
42074
42075
42076
42077
42078
42079
42080
42081
42082
42083
42084
42085
42086
42087
42088
42089
42090
42097
42098
42099
42100
42101
42102
42103
42104
42105
42106
42107
42108
42109
42111
42112
42113
42114
42115
42116
42117
42118
42119
42120
42121
42122
42123
42124
42125
42126
42127
42128
42129
42130
42131
42132
42133
42134
42135
42136
42137
42138
42139
42141
42142
42143
42144
42145
42146
