41762
41763
41765
41766
41767
41771
41772
41773
41774
41775
41776
41777
41778
41779
41780
41790
41791
41802
41803
41804
41805
41808
41809
41810
41811
41812
41813
41814
41815
41816
41817
41818
41819
41820
41821
41822
41823
41824
41825
41826
41827
41828
41829
41830
41831
41832
41833
41835
41836
41837
41838
41839
41841
41842
41843
41844
41845
41846
41847
41848
41862
41863
41864
41865
41866
41867
41868
41869
41870
41871
41872
41873
41874
41875
41876
41877
41878
41879
41880
41881
41883
41884
41885
41886
41887
41888
41889
41890
41891
41892
41893
41896
41897
41898
41899
41900
41901
41902
41903
41906
41907
41908
41910
41911
41912
41913
41914
41915
41916
41917
41918
41920
41928
41929
41930
41931
41932
41933
41934
41935
41936
41937
41938
41939
41940
41941
41942
41943
41952
41953
41954
41955
41956
41957
41958
41959
41960
41961
41962
41963
41965
41966
41967
41968
41969
41970
41971
41972
41973
41974
41975
41976
41977
41981
41982
41983
41984
41985
41986
41987
41988
41989
41990
41991
41992
41993
41994
41995
41996
