41146
41147
41148
41149
41150
41153
41155
41158
41159
41161
41163
41164
41165
41166
41167
41168
41170
41171
41172
41173
41174
41175
41176
41177
41178
41179
41180
41181
41182
41184
41188
41189
41192
41197
41199
41200
41205
41206
41207
41208
41209
41210
41211
41212
41213
41214
41218
41220
41222
41235
41236
41239
41240
41241
41243
41244
41245
41247
41248
41249
41252
41256
41258
41259
41260
41261
41262
41263
41264
41265
41266
41267
41268
41269
41270
41271
41272
41273
41276
41285
41286
41287
41288
41289
41290
41291
41292
41293
41294
41295
41296
41297
41298
41299
41300
41301
41302
41306
41314
41316
41317
41318
41319
41320
41321
41322
41325
41326
41327
41328
41331
41332
41335
41336
41337
41338
41339
41340
41341
41344
41345
41346
41347
41348
41349
41350
41351
41352
41353
41354
41355
41356
41357
41358
41359
41360
41361
41362
41363
41364
41365
41366
41368
41369
41370
41371
41372
41373
41376
41377
41379
41382
41383
41384
41385
41386
41387
41388
41389
41391
41392
41393
41395
41398
41399
41400
41402
41403
41405
41406
41407
41408
41409
41410
41413
41414
41415
41416
41417
41419
41420
41421
41424
41425
41426
41428
41429
41436
41442
41443
41444
41445
41446
41447
41450
41451
41452
41453
41454
41455
41457
41458
41459
41460
41461
41465
41466
41467
41468
41469
41470
41471
41472
41473
41474
41475
41476
41478
41479
41482
41483
41490
41492
41493
41496
41497
41498
41499
41500
41501
41502
41503
41504
41505
41509
41512
41513
41514
41515
41516
41517
41518
41519
41520
41521
41524
41525
41526
41527
41528
41529
41531
41532
41533
41535
41536
41537
41538
41539
41540
41541
41542
41543
